8601
8602
8603
8604
8605
8606
8607
8608
8609
8610
8611
8612
8613
8614
8615
8616
8617
8618
8619
8620
8622
8623
8624
8625
84255
662355
2580480
2641435
2660248
3060248
3237211
3270742
3396617
3787090
3799243
4226373
4290894
5043043
5174019
5397237
5741253
5772217
5989277
6099606
6978367
8398879
9376039
10170036
10356422
10490243
12264982
12667561
12868631
13239420
13551233
14516253
17327828
18232444
18604180
18854497
19186673
19515129
20520736
22391634
22575235
23929318
26067822
27623317
29400457
30048862
37331959
37541200
39423856
41375902
41976638
